44 1798
38 3086
20 3076
19 2374
12 2388
9 1942
7 2977
3 4322
15 1881
26 1756
13 2763
24 2928
4 2429
8 2050
36 1941
35 4220
22 2831
31 2821
73 3023
37 2273
5 1655
42 1480
71 2129
46 1482
17 2350
70 2295
47 1478
65 2013
94 1827
16 2485
11 1770
6 1242
1 2043
45 1485
21 1539
57 2423
18 1951
14 1808
86 2174
10 1368
2 1530
41 1294
66 1003
83 2104
79 1407
25 1095
72 1621
58 1042
33 1163
29 1564
43 1284
23 930
74 972
76 1116
68 1761
50 1431
91 694
40 698
28 765
75 1240
27 749
60 1346
77 737
96 1043
32 747
51 845
97 755
80 744
84 657
39 591
49 683
34 593
30 510
88 691
85 672
69 436
48 430
81 397
92 514
54 416
89 309
95 331
90 352
52 269
56 288
55 247
61 258
53 262
78 272
93 206
64 230
62 181
59 164
87 159
105 120
63 134
122 131
98 103
104 111
102 80
103 72
82 155
121 83
67 109
108 84
124 62
109 64
115 65
106 76
99 71
113 52
154 47
125 55
133 44
111 50
134 71
116 60
174 27
146 44
170 26
101 44
155 36
135 53
120 39
203 29
110 40
177 17
123 48
163 17
153 26
143 38
145 36
139 48
164 18
179 15
178 12
171 16
130 32
152 18
141 34
140 32
138 31
117 33
112 26
119 32
233 13
193 14
107 30
149 31
168 18
159 13
162 18
127 31
144 25
201 10
224 18
118 27
114 22
197 10
176 5
202 15
173 12
132 21
136 28
128 22
229 14
227 10
220 9
223 15
221 14
100 18
210 11
209 16
242 8
234 8
199 7
195 9
172 12
167 3
166 10
185 6
157 12
151 15
187 6
222 22
165 2
189 6
263 9
206 0
225 8
216 11
215 12
228 4
226 8
214 8
196 6
182 4
188 3
304 0
252 13
184 8
158 7
190 8
137 10
264 7
161 8
239 3
219 7
218 6
213 1
211 10
175 5
235 7
231 4
198 8
186 6
180 9
142 13
156 8
150 5
129 11
284 9
271 6
269 4
273 4
126 1
207 0
205 6
204 3
232 4
200 5
246 2
366 0
181 5
169 0
183 2
307 0
303 0
300 0
148 13
272 5
131 9
236 0
217 1
230 4
208 4
191 4
194 0
247 0
251 3
259 3
160 3
323 0
322 0
318 0
305 0
299 0
274 6
321 0
270 3
262 0
255 0
250 4
147 8
237 1
244 2
212 1
365 0
362 0
254 0
330 0
308 0
297 0
290 0
285 0
281 0
279 4
278 0
276 0
256 0
275 0
261 3
507 0
248 1
249 0
241 0
465 0
452 0
445 0
442 0
438 0
436 0
420 0
416 0
240 0
245 1
383 0
378 0
377 0
368 0
371 0
370 0
369 0
364 0
363 0
360 0
357 0
351 0
353 0
349 0
348 0
509 0
319 0
325 0
324 0
313 0
301 0
298 0
295 0
291 0
288 0
292 0
280 0
541 0
539 0
542 0
268 0
266 0
531 0
532 0
529 0
265 2
538 0
238 0
524 0
522 0
520 0
519 0
516 0
511 0
257 0
