206 0
305 0
299 0
321 0
262 0
255 0
365 0
524 0
362 0
254 0
330 0
529 0
308 0
297 0
290 0
268 0
285 0
281 0
278 0
276 0
256 0
275 0
507 0
295 0
249 0
241 0
465 0
324 0
452 0
445 0
442 0
348 0
438 0
436 0
420 0
416 0
240 0
383 0
378 0
377 0
368 0
371 0
370 0
369 0
364 0
363 0
360 0
357 0
351 0
353 0
349 0
509 0
319 0
325 0
313 0
301 0
298 0
291 0
288 0
292 0
280 0
541 0
539 0
542 0
266 0
531 0
532 0
538 0
238 0
522 0
520 0
519 0
516 0
511 0
257 0
304 0
207 0
366 0
169 0
307 0
303 0
300 0
236 0
194 0
247 0
323 0
322 0
318 0
212 1
237 1
248 1
245 1
213 1
126 1
217 1
165 2
244 2
265 2
246 2
183 2
270 3
261 3
167 3
239 3
188 3
204 3
251 3
259 3
160 3
250 4
279 4
182 4
228 4
231 4
273 4
269 4
232 4
230 4
208 4
191 4
176 5
175 5
150 5
200 5
181 5
272 5
274 6
185 6
189 6
187 6
196 6
218 6
186 6
271 6
205 6
199 7
158 7
264 7
219 7
235 7
147 8
242 8
234 8
225 8
226 8
214 8
184 8
190 8
161 8
198 8
156 8
220 9
195 9
263 9
180 9
284 9
131 9
201 10
197 10
227 10
166 10
137 10
211 10
210 11
216 11
129 11
178 12
173 12
172 12
157 12
215 12
233 13
159 13
252 13
142 13
148 13
193 14
229 14
221 14
223 15
202 15
179 15
151 15
171 16
209 16
177 17
163 17
164 18
152 18
224 18
168 18
162 18
100 18
132 21
114 22
128 22
222 22
144 25
112 26
170 26
153 26
118 27
174 27
136 28
203 29
107 30
138 31
149 31
127 31
130 32
140 32
119 32
117 33
141 34
145 36
155 36
143 38
120 39
110 40
101 44
146 44
133 44
154 47
123 48
139 48
111 50
113 52
135 53
125 55
116 60
124 62
109 64
115 65
99 71
134 71
103 72
106 76
102 80
121 83
108 84
82 94
98 103
67 109
104 111
105 120
63 123
122 131
87 159
59 164
62 181
93 206
78 217
64 230
55 247
61 258
53 262
90 266
52 269
56 288
89 300
95 331
92 341
81 343
54 400
48 412
85 434
69 434
88 466
34 466
30 492
97 533
84 533
77 538
49 543
39 547
96 547
51 547
75 587
80 587
27 587
60 587
91 605
40 638
68 677
50 677
28 677
74 695
76 695
32 701
43 712
29 712
72 754
58 754
23 756
33 768
25 768
79 768
83 768
66 770
14 784
86 784
2 784
10 784
41 784
18 784
57 784
21 784
45 784
1 784
6 784
11 784
94 784
16 784
65 784
46 784
70 784
47 784
17 784
71 784
5 784
42 784
37 784
73 784
31 784
36 784
22 784
35 784
8 784
24 784
4 784
13 784
26 784
15 784
44 784
20 784
19 784
12 784
9 784
7 784
38 784
3 784
